17
22
17
19
19
17
18
17
17
20
18
18
18
17
18
21
16
17
17
20
17
18
20
18
18
17
18
17
17
19
16
18
16
17
19
17
17
18
19
15
17
20
18
23
19
17
19
20
18
17
18
15
17
17
17
18
20
16
19
18
17
17
18
18
18
17
19
19
19
19
17
19
17
19
19
19
18
18
17
20
17
15
17
20
17
18
18
19
19
17
19
18
16
17
17
18
18
19
20
22
16
18
18
18
19
17
21
19
16
18
21
19
19
18
22
17
18
20
20
16
16
16
15
17
21
17
18
18
18
17
19
20
17
17
16
19
18
17
17
17
19
21
17
17
21
16
18
17
17
16
16
20
18
18
16
20
17
17
19
18
16
20
16
22
19
18
15
18
21
18
17
19
16
19
18
17
17
18
19
17
20
15
18
18
21
19
16
17
18
18
18
18
19
17
17
19
17
17
19
19
17
18
16
19
20
15
16
16
20
18
19
20
23
17
17
17
19
17
16
19
16
18
